{
  "name": [
    "test2-M009",
    "test2-M010",
    "test2-M014",
    "test2-M017",
    "test2-M020",
    "test2-M021",
    "test1-M005",
    "test1-M007",
    "test1-M008",
    "test1-M011",
    "test1-M015",
    "train-M001",
    "train-M003",
    "train-M006",
    "train-M012",
    "train-M013",
    "train-M016",
    "train-M019"
  ],
  "cor": [
    [
      1.0,
      0.9466948509216309,
      0.3545868396759033,
      0.7878690361976624,
      0.8866392374038696,
      0.9236003160476685,
      0.8522594571113586,
      0.4211723208427429,
      0.9271259307861328,
      0.9418770670890808,
      0.2910606861114502,
      0.6032193303108215,
      0.7262314558029175,
      0.8915010690689087,
      0.8790085911750793,
      0.898982048034668,
      0.9421987533569336,
      0.950722336769104
    ],
    [
      0.9466948509216309,
      1.0,
      0.22098734974861145,
      0.864348828792572,
      0.9811223745346069,
      0.9788966774940491,
      0.9817013144493103,
      0.3945026993751526,
      0.996571958065033,
      0.986590564250946,
      0.2399909645318985,
      0.7762845158576965,
      0.9078071117401123,
      0.9877042770385742,
      0.9837298393249512,
      0.9896477460861206,
      0.9826176166534424,
      0.9627463221549988
    ],
    [
      0.3545868396759033,
      0.22098734974861145,
      1.0,
      0.276691198348999,
      0.3164576590061188,
      0.18436485528945923,
      0.2566598951816559,
      0.3979746997356415,
      0.24242937564849854,
      0.18212325870990753,
      0.3088620603084564,
      0.2947137653827667,
      0.3467785120010376,
      0.27779942750930786,
      0.2552604079246521,
      0.2504045069217682,
      0.19551193714141846,
      0.271447092294693
    ],
    [
      0.7878690361976624,
      0.864348828792572,
      0.276691198348999,
      1.0,
      0.9661383628845215,
      0.8214184045791626,
      0.9571191668510437,
      0.45337891578674316,
      0.8762919306755066,
      0.8129367828369141,
      0.3332192897796631,
      0.9850669503211975,
      0.9446649551391602,
      0.9799322485923767,
      0.9751936197280884,
      0.9581862092018127,
      0.8721597790718079,
      0.9027343988418579
    ],
    [
      0.8866392374038696,
      0.9811223745346069,
      0.3164576590061188,
      0.9661383628845215,
      1.0,
      0.9570004343986511,
      0.976491391658783,
      0.4658990204334259,
      0.9813178181648254,
      0.963758647441864,
      0.3416002690792084,
      0.9759150147438049,
      0.9695920944213867,
      0.9764965772628784,
      0.9841374754905701,
      0.9892891645431519,
      0.976640522480011,
      0.9682982563972473
    ],
    [
      0.9236003160476685,
      0.9788966774940491,
      0.18436485528945923,
      0.8214184045791626,
      0.9570004343986511,
      1.0,
      0.9260857701301575,
      0.3772082030773163,
      0.9749701619148254,
      0.9836620092391968,
      0.1989118903875351,
      0.6525421738624573,
      0.7987475991249084,
      0.9509821534156799,
      0.9417455792427063,
      0.9622107148170471,
      0.9758803248405457,
      0.9760913252830505
    ],
    [
      0.8522594571113586,
      0.9817013144493103,
      0.2566598951816559,
      0.9571191668510437,
      0.976491391658783,
      0.9260857701301575,
      1.0,
      0.4302314817905426,
      0.9840856194496155,
      0.9520848393440247,
      0.29394495487213135,
      0.9782007336616516,
      0.9722863435745239,
      0.9855130314826965,
      0.9890197515487671,
      0.9861874580383301,
      0.9711412787437439,
      0.9694305658340454
    ],
    [
      0.4211723208427429,
      0.3945026993751526,
      0.3979746997356415,
      0.45337891578674316,
      0.4658990204334259,
      0.3772082030773163,
      0.4302314817905426,
      1.0,
      0.4114445149898529,
      0.3595247268676758,
      0.8381404876708984,
      0.4644273519515991,
      0.4825825095176697,
      0.4632074534893036,
      0.4452167749404907,
      0.4387883245944977,
      0.3830240070819855,
      0.42119666934013367
    ],
    [
      0.9271259307861328,
      0.996571958065033,
      0.24242937564849854,
      0.8762919306755066,
      0.9813178181648254,
      0.9749701619148254,
      0.9840856194496155,
      0.4114445149898529,
      1.0,
      0.9815973043441772,
      0.2719544470310211,
      0.7946513891220093,
      0.9141945242881775,
      0.9895028471946716,
      0.9881031513214111,
      0.9898676872253418,
      0.9774167537689209,
      0.9556806683540344
    ],
    [
      0.9418770670890808,
      0.986590564250946,
      0.18212325870990753,
      0.8129367828369141,
      0.963758647441864,
      0.9836620092391968,
      0.9520848393440247,
      0.3595247268676758,
      0.9815973043441772,
      1.0,
      0.19340908527374268,
      0.7081993222236633,
      0.8669571876525879,
      0.9812811613082886,
      0.9710532426834106,
      0.9822997450828552,
      0.9720131754875183,
      0.9677883982658386
    ],
    [
      0.2910606861114502,
      0.2399909645318985,
      0.3088620603084564,
      0.3332192897796631,
      0.3416002690792084,
      0.1989118903875351,
      0.29394495487213135,
      0.8381404876708984,
      0.2719544470310211,
      0.19340908527374268,
      1.0,
      0.3546594977378845,
      0.38675448298454285,
      0.31883278489112854,
      0.3002230226993561,
      0.2912323474884033,
      0.20336727797985077,
      0.30329057574272156
    ],
    [
      0.6032193303108215,
      0.7762845158576965,
      0.2947137653827667,
      0.9850669503211975,
      0.9759150147438049,
      0.6525421738624573,
      0.9782007336616516,
      0.4644273519515991,
      0.7946513891220093,
      0.7081993222236633,
      0.3546594977378845,
      1.0,
      0.9708172678947449,
      0.979423999786377,
      0.9782245755195618,
      0.9725151062011719,
      0.7810356616973877,
      0.9370380640029907
    ],
    [
      0.7262314558029175,
      0.9078071117401123,
      0.3467785120010376,
      0.9446649551391602,
      0.9695920944213867,
      0.7987475991249084,
      0.9722863435745239,
      0.4825825095176697,
      0.9141945242881775,
      0.8669571876525879,
      0.38675448298454285,
      0.9708172678947449,
      1.0,
      0.9613495469093323,
      0.9706595540046692,
      0.9740447402000427,
      0.91343092918396,
      0.9662953615188599
    ],
    [
      0.8915010690689087,
      0.9877042770385742,
      0.27779942750930786,
      0.9799322485923767,
      0.9764965772628784,
      0.9509821534156799,
      0.9855130314826965,
      0.4632074534893036,
      0.9895028471946716,
      0.9812811613082886,
      0.31883278489112854,
      0.979423999786377,
      0.9613495469093323,
      1.0,
      0.9894216060638428,
      0.9819917678833008,
      0.9767516851425171,
      0.936732292175293
    ],
    [
      0.8790085911750793,
      0.9837298393249512,
      0.2552604079246521,
      0.9751936197280884,
      0.9841374754905701,
      0.9417455792427063,
      0.9890197515487671,
      0.4452167749404907,
      0.9881031513214111,
      0.9710532426834106,
      0.3002230226993561,
      0.9782245755195618,
      0.9706595540046692,
      0.9894216060638428,
      1.0,
      0.9937888383865356,
      0.9756433367729187,
      0.9590266346931458
    ],
    [
      0.898982048034668,
      0.9896477460861206,
      0.2504045069217682,
      0.9581862092018127,
      0.9892891645431519,
      0.9622107148170471,
      0.9861874580383301,
      0.4387883245944977,
      0.9898676872253418,
      0.9822997450828552,
      0.2912323474884033,
      0.9725151062011719,
      0.9740447402000427,
      0.9819917678833008,
      0.9937888383865356,
      1.0,
      0.9826593399047852,
      0.9735981225967407
    ],
    [
      0.9421987533569336,
      0.9826176166534424,
      0.19551193714141846,
      0.8721597790718079,
      0.976640522480011,
      0.9758803248405457,
      0.9711412787437439,
      0.3830240070819855,
      0.9774167537689209,
      0.9720131754875183,
      0.20336727797985077,
      0.7810356616973877,
      0.91343092918396,
      0.9767516851425171,
      0.9756433367729187,
      0.9826593399047852,
      1.0,
      0.961209774017334
    ],
    [
      0.950722336769104,
      0.9627463221549988,
      0.271447092294693,
      0.9027343988418579,
      0.9682982563972473,
      0.9760913252830505,
      0.9694305658340454,
      0.42119666934013367,
      0.9556806683540344,
      0.9677883982658386,
      0.30329057574272156,
      0.9370380640029907,
      0.9662953615188599,
      0.936732292175293,
      0.9590266346931458,
      0.9735981225967407,
      0.961209774017334,
      1.0
    ]
  ]
}